1D 32 -512,000000 32256,000000	[nbin xmin xmax]
"X"	"Function_0"
0,000000	7,668693
1024,000000	4,475759
2048,000000	8,334908
3072,000000	12,844531
4096,000000	17,839844
5120,000000	21,595469
6144,000000	26,279375
7168,000000	30,321328
8192,000000	35,088359
9216,000000	39,237344
10240,000000	43,166016
11264,000000	47,802813
12288,000000	51,787969
13312,000000	55,811484
14336,000000	59,468594
15360,000000	63,662500
16384,000000	68,607812
17408,000000	72,224531
18432,000000	76,294063
19456,000000	80,022734
20480,000000	83,716172
21504,000000	88,130859
22528,000000	91,803984
23552,000000	95,629844
24576,000000	99,568359
25600,000000	103,370234
26624,000000	107,265234
27648,000000	111,063906
28672,000000	114,264609
29696,000000	118,244531
30720,000000	121,339531
31744,000000	125,039609
