1D 32 -1536,000000 96768,000000	[nbin xmin xmax]
"X"	"Function_0"
0,000000	2,163992
3072,000000	13,262031
6144,000000	25,720469
9216,000000	38,404922
12288,000000	50,949922
15360,000000	63,397734
18432,000000	75,449453
21504,000000	87,049531
24576,000000	97,921563
27648,000000	109,797109
30720,000000	120,737891
33792,000000	131,366406
36864,000000	141,935781
39936,000000	151,207031
43008,000000	161,190156
46080,000000	170,416016
49152,000000	179,407578
52224,000000	187,626406
55296,000000	196,009531
58368,000000	204,089219
61440,000000	211,491562
64512,000000	218,640000
67584,000000	225,674375
70656,000000	232,229531
73728,000000	238,539766
76800,000000	244,011562
79872,000000	249,396094
82944,000000	254,720391
86016,000000	259,796406
89088,000000	264,579297
92160,000000	268,496484
95232,000000	272,737031
